55 103
0 1
0 4
1 2
1 3
2 7
3 4
3 5
4 5
5 6
5 8
5 11
6 7
6 11
6 12
7 13
7 14
9 10
9 15
10 11
10 15
10 16
11 12
11 17
11 18
11 19
12 13
12 19
13 14
13 20
14 20
14 21
15 16
15 22
15 23
16 17
16 23
16 24
17 18
17 25
18 19
18 26
19 20
19 27
19 28
20 21
20 29
21 29
21 39
21 40
22 23
22 30
22 31
23 24
23 32
24 25
24 33
25 26
25 33
25 34
26 27
26 35
27 28
27 35
28 29
28 36
29 37
29 38
30 41
30 45
31 32
31 45
32 33
33 34
33 46
34 35
34 47
35 36
35 48
36 48
36 49
37 51
37 52
38 39
38 52
38 54
39 40
40 54
41 42
41 44
42 43
43 44
44 45
45 46
46 47
47 48
48 49
48 50
49 50
49 51
50 51
51 53
52 53
53 54